451
740
902
239
318
938
837
481
601
312
15
24
435
645
978
12
310
984
50
309
192
223
608
542
578
183
470
364
154
965
416
990
394
172
204
647
279
360
385
122
788
409
232
484
125
738
820
863
276
321
140
407
104
742
89
811
855
315
836
482
113
860
840
350
531
605
632
290
665
361
387
9
722
98
228
526
10
774
69
183
343
673
536
579
749
855
582
631
24
129
935
494
906
691
240
551
541
360
987
924
93
304
225
785
432
929
130
732
17
558
351
562
615
399
182
967
132
182
888
689
966
585
82
616
61
696
581
221
189
547
904
606
836
102
578
342
502
848
44
530
196
748
985
854
455
863
795
897
814
678
159
598
391
768
227
571
815
833
615
534
174
95
813
536
401
360
328
393
940
86
237
742
941
806
593
505
496
905
795
462
157
402
715
56
318
872
182
344
293
401
292
248
226
579
451
544
259
981
957
600
734
234
161
159
33
817
542
375
977
384
822
721
370
310
597
896
259
880
456
627
61
646
769
378
48
467
191
756
117
215
730
396
399
270
704
359
846
229
938
262
407
267
444
606
368
15
626
818
596
11
105
263
160
372
720
663
285
761
29
8
483
859
125
168
827
725
205
293
835
790
513
55
295
522
581
521
224
220
195
906
984
810
832
702
104
889
212
174
919
367
695
287
928
480
560
564
98
797
543
874
627
956
550
438
283
990
161
167
159
798
398
610
966
362
915
175
345
324
730
142
405
693
983
51
167
118
440
887
762
837
83
626
471
515
124
273
400
908
322
827
60
446
174
602
235
236
939
141
111
90
671
526
995
460
855
307
398
477
434
889
6
328
382
581
554
685
482
451
14
976
44
572
281
645
736
203
200
377
578
747
224
217
432
748
420
914
633
677
982
66
34
646
80
977
541
183
427
546
668
472
862
34
254
16
173
957
56
154
974
899
992
574
7
974
690
805
341
228
666
337
402
452
30
573
301
163
167
903
652
55
365
236
30
144
232
125
120
455
821
224
451
53
480
998
417
168
212
692
614
25
174
759
392
812
676
405
221
91
915
846
704
251
879
802
849
44
805
376
491
713
73
267
855
735
377
137
291
567
755
415
51
243
266
53
882
49
89
555
139
217
428
824
10
138
557
711
257
538
303
686
224
78
163
737
75
493
747
376
858
388
984
28
69
296
983
362
807
364
419
591
2
690
143
351
951
350
242
81
231
541
876
770
213
557
719
15
237
227
268
707
912
169
155
11
364
545
777
637
174
355
925
409
56
409
105
256
323
293
84
932
948
583
271
450
996
155
288
533
334
82
942
723
158
308
938
384
282
92
707
691
655
97
736
61
439
178
13
852
818
278
267
48
439
393
218
795
827
109
541
66
861
970
967
726
643
840
102
772
986
538
702
406
697
414
610
857
280
458
360
25
167
770
760
780
133
983
946
564
700
452
897
595
877
504
948
524
718
130
171
85
737
635
241
74
257
57
404
415
624
765
177
45
240
295
224
971
404
990
613
489
99
732
955
451
369
763
823
614
10
247
461
659
953
488
270
252
991
636
463
376
169
885
310
55
108
241
233
170
293
613
215
275
747
532
342
634
375
258
981
888
629
233
290
439
271
296
589
925
664
509
899
48
890
440
993
966
532
555
497
172
171
1
424
667
951
380
915
446
572
327
304
138
355
32
240
625
886
534
859
436
429
71
542
805
930
252
339
347
466
192
587
569
294
104
626
781
991
712
905
832
134
199
79
387
571
291
655
290
986
78
127
508
827
659
236
108
4
751
732
579
158
79
237
333
390
159
511
351
880
882
463
911
881
738
571
983
202
339
240
999
361
643
184
56
17
147
323
922
108
284
584
521
460
897
862
921
746
583
600
954
685
696
441
16
899
641
295
68
926
489
255
951
367
375
382
542
695
425
595
183
504
899
256
322
615
615
650
546
652
384
892
255
35
128
162
626
427
378
429
613
493
497
46
440
284
107
928
606
27
888
580
16
248
598
336
633
654
129
454
733
667
808
171
602
575
886
11
823
857
625
939
955
593
42
196
450
78
164
568
813
112
102
628
95
177
624
344
860
474
995
294
986
801
365
508
188
311
150
974
47
77
118
991
195
918
502
34
64
272
503
924
782
487
260
652
794
423
252
720
317
740
505
850
385
133
45
496
545
182
797
37
61
397
622
356
156
205
318
435
955
151
106
24
673
90
900
548
224
571
391
10
930
8
637
830
564
553
641
440
181
235
218
518
500
966
23
990
673
702
303
724
114
100
561
198
406
439
793
515
611
